# %ECSV 1.0
# ---
# datatype:
# - {name: wavelength, unit: nm, datatype: float64}
# - {name: c1, datatype: float64}
# - {name: c2, datatype: float64}
# - {name: c1+c2, datatype: float64}
# - {name: c1-c2, datatype: float64}
# - {name: c1+c2_uncertainty, datatype: float64}
# - {name: c1-c2_uncertainty, datatype: float64}
# schema: astropy-2.0
wavelength c1 c2 c1+c2 c1-c2 c1+c2_uncertainty c1-c2_uncertainty
494.9254622608806 0.4703764147522233 0.17181080863894932 0.6421872233911726 0.298565606113274 0.2564454383176557 0.3204202144554699
531.4608898177901 0.38737519374664114 0.03502926210533691 0.42240445585197806 0.35234593164130423 0.2012939132605138 0.2557150340769629
539.1211900000001 0.3658844803841021 0.31161260657130735 0.6774970869554094 0.054271873812794746 0.19711691891455532 0.2503965216407198
545.4836709999998 0.4332247058110085 0.16139957992084114 0.5946242857318497 0.2718251258901674 0.15508148759093798 0.19503799205008843
550.4151967415283 0.331725305497361 0.6682617374310384 0.9999870429283995 -0.33653643193367744 0.2132587923459613 0.27115925627199045
553.7640991873129 0.42721684820649525 -0.028545048615727764 0.3986717995907675 0.455761896822223 0.17086074423048492 0.21562982695777208
557.1745301342205 0.42180963427103857 0.1334861118491536 0.5552957461201922 0.28832352242188497 0.16338293553867383 0.20603022207045985
560.6591140258054 0.4132447594603456 0.007972424437314884 0.4212171838976605 0.4052723350230307 0.15116848900895108 0.19120301160411055
564.1996710125583 0.3500198382892383 0.41465082479823123 0.7646706630874696 -0.0646309865089929 0.15651802781865934 0.19912933964222132
567.7969745489619 0.41091140861401576 -0.01941798802320549 0.39149342059081027 0.43032939663722125 0.13449919909086858 0.17017760892482045
571.4733247915939 0.3805249227056989 0.1563625280771293 0.5368874507828282 0.22416239462856957 0.13272732011560112 0.1685266143249726
575.2244212846624 0.4000528549966548 0.2019786106471994 0.6020314656438542 0.19807424434945542 0.12532207466982745 0.15846691781931008
579.0370935697564 0.4405898784980916 -0.10532039941698346 0.33526947908110816 0.5459102779150751 0.1126938545796177 0.14205307328501718
582.9160966863117 0.3774451293308837 0.24151770254444804 0.6189628318753317 0.13592742678643566 0.11631037257867682 0.14757455885104606
586.8807668099971 0.33435945540363887 0.5925933909525667 0.9269528463562056 -0.2582339355489278 0.12032413276622325 0.15309286777928202
590.9324508237002 0.38774885218838506 0.20862566006686645 0.5963745122552515 0.17912319212151862 0.10812831733989292 0.13693755431333465
595.0570468952017 0.36576260303310576 0.27942377425822235 0.6451863772913281 0.08633882877488341 0.08646342128241678 0.10987211793782742
599.2619819704923 0.3459458072620294 0.3292033467846338 0.6751491540466632 0.016742460477395582 0.10446701030413882 0.1331242233602796
603.5500415978282 0.37514706107298845 0.23335530423665973 0.6085023653096482 0.14179175683632872 0.10137974765652279 0.12870762976321987
607.9241600131945 0.3325168615167968 0.41062295852567643 0.7431398200424733 -0.0781060970088796 0.10184948179232273 0.12999611936990438
612.3921019743935 0.3646845032548802 0.11775735411910104 0.48244185737398126 0.24692714913577918 0.09512288706243664 0.12122414706830935
616.9593638392308 0.34929395867653823 0.4227918801149628 0.7720858387915011 -0.0734979214384246 0.09769141986098702 0.1243089268748938
621.6233552936825 0.3726008734840028 0.12029339208465611 0.4928942655686589 0.25230748139934667 0.09116789812012079 0.11601016817574819
626.3856198610389 0.3787103904731889 0.19397329471482128 0.5726836851880102 0.1847370957583676 0.08830840331495984 0.11212671874664762
631.2500615121622 0.37418590845344274 0.20121215938552833 0.5753980678389711 0.1729737490679144 0.08651162095609657 0.10992474087524896
636.2200750903124 0.3603685935084322 0.13483459363400763 0.4952031871424398 0.22553399987442457 0.08455197204009214 0.10782068427746178
641.2991947515874 0.37988402947047684 0.026679300306689413 0.40656332977716625 0.3532047291637874 0.08104302332272854 0.10315498920527559
646.4907830283374 0.3408699238865817 0.24789282256665762 0.5887627464532393 0.0929771013199241 0.08171960583164203 0.10442206380865197
651.798603010063 0.3333429913287679 0.2725084802734524 0.6058514716022203 0.060834511055315454 0.0798834731681439 0.10218906385140983
657.2249421814109 0.33334748046042584 0.29225429829145877 0.6256017787518846 0.04109318216896707 0.0773692473401513 0.09893116414182025
662.7813216392931 0.34866601616433596 0.22525035060023607 0.573916366764572 0.12341566556409989 0.07560747436859423 0.09649881733597518
668.4718103864163 0.3384476520462832 0.15677717945908226 0.49522483150536545 0.18167047258720093 0.07088399063445523 0.09074628884417428
674.2926214400417 0.32616851620775733 0.20146411567347877 0.5276326318812361 0.12470440053427856 0.06962550029647405 0.08926544912532315
680.2490654784172 0.3127890685928354 0.3402098908922262 0.6529989594850616 -0.0274208222993908 0.06900933180136117 0.08851698507998787
686.3419145212894 0.32255516008056684 0.20196661337200517 0.524521773452572 0.12058854670856167 0.06463902102444681 0.08291769107761622
692.5838200614247 0.3272864015637813 0.13250409950232678 0.4597905010661081 0.19478230206145453 0.07494178697923064 0.09615376843807258
698.9863786080113 0.32782037938192865 0.16703795759162532 0.49485833697355397 0.16078242179030333 0.07295102098327323 0.09355300397691654
705.5415013815302 0.33462460860426607 0.14472904300316242 0.4793536516074285 0.18989556560110366 0.07037931765756343 0.09014182177405072
712.2531676158677 0.3328991612551396 0.15477234603180717 0.48767150728694675 0.1781268152233324 0.06813968601894732 0.0873186329779962
719.1423052799986 0.318427254448441 0.22248626230533142 0.5409135167537724 0.09594099214310958 0.06788707174440647 0.08713937628181574
726.1967217641379 0.308086836508699 0.1746061750685865 0.4826930115772855 0.1334806614401125 0.06673662045689686 0.08587929101770415
740.8594400820629 0.3158196427720249 0.15245713277299633 0.46827677554502123 0.16336250999902857 0.06322163639363917 0.08128540331762149
764.3031857027352 0.29738227175288984 0.17776603838429988 0.4751483101371897 0.11961623336858995 0.06877396721189671 0.08867810731429814
789.6496465007061 0.28469654935912353 0.2634947073720297 0.5481912567311532 0.02120184198709385 0.0675817743183857 0.08723082166114737
817.0905878855406 0.2888544904422575 0.18470051543543897 0.4735550058776965 0.10415397500681856 0.0635093874614346 0.08200986326226792
846.8056264511857 0.2548486820080842 0.2787992669665007 0.5336479489745849 -0.02395058495841651 0.06549292900830803 0.08499362241517548
878.9909046528031 0.2751218533316966 0.20373228738184523 0.4788541407135418 0.07138956594985135 0.06419436208192363 0.08310115389188497
913.8341991030379 0.2567479537546382 0.1512704633140709 0.4080184170687091 0.10547749044056731 0.06120755845789392 0.07955419711586778
951.4905329892282 0.25235059722550646 0.1758634848820957 0.42821408210760215 0.07648711234341077 0.056959175390489586 0.0740411597857842
992.0743059570963 0.2536367287307712 0.15774775314419415 0.41138448187496535 0.09588897558657705 0.05479931991338529 0.07126329871854198
1035.6442342417658 0.23280419608463043 0.30389778016074465 0.5367019762453751 -0.07109358407611421 0.05340183707351612 0.06954741798440639
1082.1665853460727 0.24301017297994976 0.15648857055247845 0.3994987435324282 0.08652160242747131 0.05407209266101741 0.07044717780623397
1131.5349650124513 0.24055880009941455 0.16759863403640352 0.40815743413581806 0.07296016606301103 0.05131930222162043 0.066864557103336
1183.5345662564564 0.2159290350647619 0.2007644973713868 0.4166935324361487 0.015164537693375113 0.049801382187105586 0.06514747010814183
1237.8672194018213 0.2037072789963204 0.1977532177782924 0.4014604967746128 0.005954061218027995 0.04977371228948944 0.06526253960995247
1294.1629394738295 0.19714398804566707 0.2530945856821211 0.4502385737277882 -0.05595059763645405 0.05041739201638421 0.06611781517613997
1352.0171522090473 0.22004604172585168 0.08576224994572496 0.30580829167157664 0.13428379178012673 0.050393498712497334 0.06597522327314094
1411.007863155719 0.18827776363984378 0.20232540184166042 0.3906031654815042 -0.014047638201816648 0.050510077470467825 0.06638258154917975
1470.7335384435644 0.17281258252138476 0.26200113902230016 0.4348137215436849 -0.0891885565009154 0.04927959762429619 0.06488593513292852
1520.8007319999997 0.1554136729254592 0.2538831614156157 0.4092968343410749 -0.09846948849015646 0.06552573514691312 0.08658311742922013
1560.912249 0.1666113463724031 0.20738197979262113 0.37399332616502423 -0.04077063342021803 0.0672006244014411 0.08870736494725827
1600.984083 0.1450071397320153 0.3234516106564166 0.4684587503884319 -0.1784444709244013 0.0699735176219124 0.0925417834020587
1640.943613 0.16086037724523872 0.17830684691456444 0.33916722415980316 -0.017446469669325726 0.06996621244815004 0.09254497656630543
1680.728591 0.14482747875827306 0.20464048169703153 0.3494679604553046 -0.059813002938758464 0.07223628104640584 0.09576872940808467
1720.286518 0.13953288341611442 0.27617463083155885 0.41570751424767327 -0.13664174741544444 0.07498304074919075 0.09936455150778234
1759.573587 0.09067413438026861 0.45653783253772606 0.5472119669179947 -0.36586369815745745 0.08157567836503186 0.10869865767648755
1798.5537170000002 0.13375232949055638 0.2677327146686196 0.40148504415917596 -0.1339803851780632 0.03107105001692135 0.041210166715267435
1837.198965 0.1330655197864834 0.22984164763422688 0.3629071674207103 -0.09677612784774348 0.046626659436631746 0.061880812483876974
1875.4873449999998 0.13329922410534184 0.14065366335055346 0.2739528874558953 -0.007354439245211619 0.04681288968022586 0.06221593417434027
1913.400445 0.12704250020661423 0.17718827672719706 0.3042307769338113 -0.05014577652058283 0.04497413496712775 0.059789819959064995
1950.9268270000002 0.13310125393303196 0.21283910040881782 0.3459403543418498 -0.07973784647578586 0.04244810678577045 0.05634900549454079
1988.057073 0.12335511094942508 0.23541902736454778 0.35877413831397287 -0.1120639164151227 0.0450529723545947 0.059904004596916215
2024.7870610000002 0.14832712389607772 0.1528910855694825 0.3012182094655602 -0.004563961673404782 0.045921617245084555 0.06088715391187953
2061.1114000000002 0.13510330376284257 0.2056964176747877 0.34079972143763027 -0.07059311391194512 0.046910082150790254 0.06227113746439736
2097.0315689999998 0.11873891955437221 0.21370482263262391 0.3324437421869961 -0.0949659030782517 0.047334140506124646 0.06303626826674813
2132.548536 0.13490229638839596 0.21543053387344197 0.3503328302618379 -0.080528237485046 0.04818350652746962 0.06396990358185389
2167.66484 0.11943564524435885 0.23700282756443142 0.35643847280879026 -0.11756718232007257 0.050851607670086306 0.06768253669191822
2202.384363 0.12065444031982264 0.15839371159987325 0.2790481519196959 -0.03773927128005061 0.05263944042741656 0.07015288885845429
2236.7120900000004 0.12727671338022734 0.16129054816797056 0.2885672615481979 -0.034013834787743225 0.05212545921090113 0.06937890561125706
2270.653908 0.13178135768400617 0.16108015478705623 0.2928615124710624 -0.029298797103050056 0.05265622579706561 0.07002743652846616
2304.215464 0.13800286364418057 0.1285223970771423 0.2665252607213229 0.00948046656703827 0.055760863133465954 0.07410664980539164
2337.40281 0.13738825403639188 0.11918551375773923 0.2565737677941311 0.01820274027865265 0.05523380531811174 0.07341160486096082
2370.2250320000003 0.11829427125218328 0.22722794719192163 0.3455222184441049 -0.10893367593973835 0.057318458368912716 0.07629000917989508
2402.6865569999995 0.13349909745406752 0.201932141249765 0.3354312387038325 -0.06843304379569748 0.05738247375543448 0.07620619278488722
2434.797801 0.1353144249011881 0.16016172479329843 0.29547614969448655 -0.02484729989211032 0.058170521540697025 0.07726892403337189
2466.5624649999995 0.14020948079405052 0.06372958656577646 0.20393906735982698 0.07647989422827406 0.058230015295349075 0.07739948622406563
2497.9908800000003 0.13728008154559962 0.11719641703579947 0.2544764985813991 0.020083664509800148 0.06140698295183936 0.08157599058314309
2529.0899310000004 0.13933906967112072 0.10052020429983052 0.23985927397095125 0.0388188653712902 0.06078341062318058 0.08074502840637493
2559.8663970000002 0.11821000535539206 0.20474913876749268 0.32295914412288473 -0.08653913341210062 0.06461980666543123 0.08599204203730668
2590.3268150000004 0.11706277367327544 0.17313027342283527 0.2901930470961107 -0.056067499749559824 0.06488185040912263 0.08641523580819904
2620.4792939999998 0.13692654120289752 0.07114466635882624 0.20807120756172376 0.06578187484407128 0.06462910319066889 0.08591340050720772
2650.3307680000003 0.1272108935743277 0.025786939053302316 0.15299783262763 0.10142395452102537 0.06492299862942259 0.0865011314281397
2679.888124 0.1032850713467659 0.2261855397919057 0.3294706111386716 -0.1229004684451398 0.06832389553048722 0.09112713623862644
2709.1571889999996 0.13355751040435127 0.13826639467151047 0.27182390507586174 -0.004708884267159208 0.06710888199352116 0.08912728760381326
2738.1450119999995 0.13630244872063532 0.07746514966932691 0.21376759838996223 0.05883729905130841 0.07031135407187764 0.0934475286168016
2766.858476 0.09642851295646965 0.1753997444440793 0.27182825740054894 -0.07897123148760965 0.07279707857088921 0.09730044485726176
2795.3041350000003 0.10654209948517351 0.150152768513301 0.2566948679984745 -0.04361066902812749 0.07450557182629965 0.09943800777601282
2823.486378 0.09609419797240176 0.19256268652437974 0.2886568844967815 -0.09646848855197798 0.07597290768373231 0.1014857372980672
2851.412273 0.10025084007101809 0.25292526516970343 0.3531761052407215 -0.15267442509868534 0.07904342905047271 0.10541411421163466
2879.087903 0.09532916356261462 0.26447987919552257 0.3598090427581372 -0.16915071563290796 0.07906903639806631 0.10552909117138921
2906.5173210000003 0.08067259335484728 0.2907346568168891 0.37140725017173637 -0.21006206346204181 0.08229681276286101 0.11008429655089791
2933.7075819999995 0.12340016495802741 0.009329896867396714 0.13273006182542413 0.1140702680906307 0.0814381430686084 0.10863558708228714
2960.662958 0.08570926815937491 0.27604660814835186 0.36175587630772676 -0.19033733998897695 0.08795765389003474 0.11760816353613356
2987.3883299999998 0.10703949561362763 0.19602324369337093 0.30306273930699856 -0.0889837480797433 0.0850694114016907 0.113466158367916
3013.889886 0.13498967134593562 0.04678562780909887 0.1817752991550345 0.08820404353683675 0.08560293996385909 0.11389070646198854
3040.171378 0.1059389332941309 0.16819575902097833 0.27413469231510923 -0.06225682572684743 0.08765900570395671 0.11699392057140265
3066.2369249999997 0.08496059547997198 0.23539427238048655 0.3203548678604585 -0.15043367690051457 0.08994658211976975 0.12038780241231724
3092.092133 0.10485492306246619 0.05470207702765534 0.15955700009012153 0.05015284603481085 0.08917631803956681 0.11929728554782078
3117.741199 0.1246152670577077 0.04753864986430917 0.17215391692201687 0.07707661719339853 0.08971546542430993 0.11963190907718535
3143.188237 0.10412238553508443 0.06019144059133982 0.16431382612642426 0.04393094494374461 0.09423447007620982 0.12608939925580262
3168.4372770000004 0.07755189903850324 0.307883726595816 0.3854356256343192 -0.23033182755731274 0.0980470058945107 0.13126155196583547
3193.4922679999995 0.052238270313546 0.48451861683506237 0.5367568871486084 -0.43228034652151637 0.10207736911894545 0.13686071339587647
3218.3570739999996 0.099508411006349 0.0858659048370839 0.1853743158434329 0.0136425061692651 0.09635530155313805 0.12897660415636752
3243.035478 0.12403982235924077 -0.01835462279743555 0.10568519956180522 0.14239444515667632 0.09753878253901281 0.1302407954123876
3267.531184 0.08862138579560427 0.14505887990279417 0.23368026569839845 -0.0564374941071899 0.10033422262323458 0.13447849686752592
3291.847814 0.11530791897344517 0.08869921624681099 0.20400713522025615 0.02660870272663418 0.10084798346696161 0.13465144166957402
3315.988915 0.11686582632673564 -0.026178921620382323 0.09068690470635332 0.14304474794711797 0.10083956704908398 0.1348544503087147
3339.957953 0.1315486906358571 0.0800034727055518 0.21155216334140892 0.05154521793030531 0.10331252396629752 0.13754349913797018
3363.756933 0.09015074712624471 0.2868183254688931 0.3769690725951378 -0.19666757834264836 0.10960731439636966 0.14646820992251205
3387.389938 0.12351108315469081 0.04155817997290964 0.16506926312760045 0.08195290318178117 0.10536141460381071 0.14054493722013148
3410.8606149999996 0.09036445748664007 0.2022402170780782 0.2926046745647183 -0.11187575959143814 0.11223136412879588 0.1502266939469802
3434.17139 0.10357218690370357 0.1332709265956568 0.23684311349936038 -0.029698739691953246 0.11080382174503389 0.14812016070556
3457.3241949999997 0.14309962117767522 -0.18428403110406694 -0.04118440992639172 0.32738365228174215 0.1060036878620142 0.14145910955099752
3480.3238040000006 0.07288656020970041 0.43272316225826457 0.505609722467965 -0.35983660204856416 0.11920651313146068 0.15940578492449947
3503.1710189999994 0.07987584722701607 0.3552542791909173 0.43513012641793336 -0.2753784319639012 0.11921560132525194 0.159462071173921
3525.8698149999996 0.07236602100767292 0.2971841932288624 0.36955021423653533 -0.2248181722211895 0.12010498112508555 0.1610154657375792
3548.422187 0.10215378246902518 0.11007788007179198 0.21223166254081716 -0.0079240976027668 0.1178932242466759 0.15772662930320808
3570.830831 0.12761479863037697 -0.16298882408335977 -0.035374025452982794 0.29060362271373674 0.11487884888935541 0.15368890796640963
3593.0979669999992 0.090677420227609 0.2514147627316489 0.3420921829592579 -0.16073734250403993 0.12296648997780252 0.16440758123087348
3615.226691999999 0.10131879433703778 0.09969074760013236 0.20100954193717013 0.0016280467369054197 0.12295865207308908 0.16457963740381232
3637.2178320000003 0.09046310727794643 0.08722297002972151 0.17768607730766794 0.003240137248224917 0.123750804618011 0.16596677813975494
3659.0756329999995 0.12206832498305835 -0.1503115289208949 -0.028243203937836553 0.27237985390395325 0.12031340130773939 0.16110342524457824
3680.8004849999993 0.056716660809539354 0.12071676513205626 0.1774334259415956 -0.0640001043225169 0.1335541986694551 0.18011867674597373
3702.395294 0.08908437925144308 0.253767817781301 0.34285219703274405 -0.1646834385298579 0.13525426092615572 0.18098189970260356
3723.8627899999997 0.054120456743008194 0.2881986552290678 0.342319111972076 -0.2340781984860596 0.13770735448442697 0.18529667228382085
3745.204091 0.07926090936519925 0.2183931480958221 0.29765405746102136 -0.13913223873062286 0.13618637986756493 0.18263327769994595
3766.420873 0.10439241455805742 0.0683808062024664 0.17277322076052382 0.03601160835559103 0.13585706759023425 0.18183254680494068
3787.5160399999995 0.14187091460542228 -0.0593711753131429 0.08249973929227938 0.20124208991856518 0.13257843921051965 0.1766648514986802
3808.4913619999993 0.10660000534558689 0.07147466398038915 0.17807466932597604 0.03512534136519774 0.1368584072270951 0.18306332142045012
3829.348581 0.05700372921392838 0.2687697861888777 0.3257735154028061 -0.21176605697494932 0.14856744827258037 0.19986999753512424
3850.088808 0.10349958833081652 0.2722178132749671 0.3757174016057836 -0.16871822494415056 0.14611299355076987 0.19491934029388108
3870.7140729999987 0.08668458706041476 0.0858238829981593 0.17250847005857406 0.0008607040622554685 0.14733479347374465 0.19780455800801416
3891.226433 0.10736285751975899 0.021454375263921188 0.12881723278368018 0.0859084822558378 0.14552774753382805 0.19486406634614983
3911.627505 0.03341009102671949 0.39531702081691106 0.42872711184363055 -0.36190692979019157 0.16043569136527377 0.2163095402820443
3931.9188789999994 0.13852917758471187 -0.15723357779143496 -0.018704400206723093 0.2957627553761468 0.14517669627727922 0.19383177817503414
3952.102117 0.0260292412605454 0.567390300679967 0.5934195419405124 -0.5413610594194216 0.17100050447002574 0.23011834588405214
3972.1787550000004 0.04761045559695126 0.26148689718922974 0.309097352786181 -0.21387644159227848 0.15984223135250494 0.215437092261104
3992.1503019999996 0.1209129511181569 -0.21230229193997985 -0.09138934082182296 0.33321524305813677 0.1469229220555024 0.1969488834814814
4012.0182419999996 0.038083872614498804 0.23554689208166507 0.2736307646961639 -0.19746301946716627 0.16404083073124215 0.22149309440443504
4031.784031 0.06338309278328824 -0.003424942854391211 0.05995814992889703 0.06680803563767945 0.15824521911458983 0.21360114456070645
4051.449103 0.0853414194464851 0.0878024429609815 0.1731438624074666 -0.0024610235144963966 0.1583776726585273 0.21257549065123774
4071.0148669999994 0.10067427100459325 0.03992111413685462 0.14059538514144787 0.060753156867738634 0.16031529084554524 0.214804870218501
4090.482706 0.09763054979991678 0.026361027885668048 0.12399157768558483 0.07126952191424873 0.16328236813726976 0.21894422436015712
4109.85398 0.1010168133694104 0.05452972294949446 0.15554653631890486 0.046487090419915944 0.17150316361339307 0.22981786913276422
4129.129397 0.13110806170786943 0.14449335518289524 0.27560141689076467 -0.013385293475025817 0.16716467684955422 0.22235595672068903
4148.3104920000005 0.09396812094772139 0.09025882360943299 0.18422694455715438 0.0037092973382883976 0.16898084706151206 0.22650635817169834
4167.398857 0.09198115400689932 0.05034433609506683 0.14232549010196616 0.04163681791183249 0.16870792882140678 0.22630331043925386
4186.395768 0.06401952962675334 0.15220302918146084 0.21622255880821417 -0.0881834995547075 0.17448265478916242 0.23487085718980724
4205.302476999999 0.05128574435076688 0.33582384499955636 0.38710958935032325 -0.2845381006487895 0.18215902923757407 0.24488866702879292
4224.119591000001 0.05946777788608909 0.3037600320838348 0.3632278099699239 -0.2442922541977457 0.1786973285826576 0.23991589259101428
4242.847974 0.0443589087795217 0.22729720359928612 0.2716561123788078 -0.18293829481976442 0.1794868599831048 0.24195549778353723
4261.489689999999 0.09109878262275149 -0.14031733054025974 -0.049218547917508265 0.23141611316301125 0.16832718660799395 0.2263248686830666
4280.045913999999 0.1370452646352486 -0.0030623753421442357 0.13398288929310437 0.14010763997739284 0.1682052521867919 0.2236729022223491
4298.516441000001 0.05074108354977308 0.23142986294473716 0.28217094649451024 -0.18068877939496408 0.18096282983392387 0.2434802779482366
4316.903126 0.0499677994189765 0.2020088085761334 0.2519766079951099 -0.1520410091571569 0.18336247619600077 0.24685368211776915
4335.207637 0.1181584158162175 -0.08710744555044475 0.031050970265772748 0.20526586136666225 0.17385212193613656 0.232316302582609
4353.429627 0.09452295081819526 -0.08661337060185662 0.00790958021633864 0.18113632142005187 0.17853272966352188 0.23955758877993213
4371.570791 0.11683629157426853 -0.35200263929814024 -0.23516634772387174 0.4688389308724088 0.1763283212036748 0.2367366384310253
4389.632946999999 0.10109699125390106 -0.02311199367053371 0.07798499758336735 0.12420898492443477 0.18511837017781496 0.2478417470186936
4407.614718999999 0.06299246437166439 0.14806842593858827 0.21106089031025266 -0.08507596156692387 0.19589979416884384 0.2633226077675646
4425.519446 0.12510873667273797 -0.23109677283975277 -0.10598803616701477 0.35620550951249075 0.18302669734522137 0.24481062424945543
4443.34667 0.031055129528661962 0.3267795038497937 0.35783463337845567 -0.29572437432113174 0.20738942046835038 0.2795826740108238
4461.097707 0.12368982528254233 0.06707593617550253 0.19076576145804486 0.056613889107039794 0.19700972492467866 0.262519503999573
4478.7736859999995 0.09147219772390491 0.17969969888489457 0.2711718966087995 -0.08822750116098965 0.20365836368875548 0.2723213090932247
4496.3746679999995 0.15544507897518017 -0.28850940075144155 -0.13306432177626135 0.4439544797266217 0.18813685960597906 0.2505973254528816
4513.902615999999 0.06366135167004394 0.186343828407876 0.25000518007791994 -0.12268247673783206 0.21277985986311868 0.28608236719334107
4531.357072 0.08400889361413427 0.1653982609109252 0.24940715452505946 -0.08138936729679092 0.21512442832114023 0.2883455098367806
4548.7401150000005 0.07623307901501586 0.06943022419599543 0.14566330321101129 0.006802854819020432 0.2161107384937557 0.29042659709268476
4566.051477000001 0.07744206130578957 -0.011447294283079668 0.0659947670227099 0.08888935558886923 0.21719852476655901 0.29234038584226907
4587.591850238673 0.09965989216133364 0.09553051746460728 0.19519040962594092 0.004129374696726362 0.18105715971896444 0.24225612900524518
4613.29754333949 0.11450380716965303 -0.17947568078268372 -0.0649718736130307 0.29397948795233675 0.1804298181286918 0.24193941566554383
4638.849428857817 0.06868915842717863 0.17198345369804527 0.2406726121252239 -0.10329429527086664 0.18945485602739362 0.25464941255895773
4664.249665679044 0.09006124447722935 0.13920528884501598 0.22926653332224534 -0.04914404436778663 0.18910250475615178 0.2533338918202625
4689.500997456941 0.09714191415607337 -0.03824491256190604 0.05889700159416733 0.1353868267179794 0.18668684241494807 0.2505130410332004
4714.605722185022 0.08808265072054883 -0.04973158757739354 0.038351063143155284 0.13781423829794237 0.19046030814704903 0.2560100273859869
4739.566097421868 0.07121631463034361 -0.05662584360032874 0.014590471030014873 0.12784215823067235 0.19696344620527886 0.26565438071196157
4764.384338127802 0.005677551682924775 0.4769805125778703 0.48265806426079505 -0.4713029608949455 0.21157681271378928 0.2860063989730368
4789.062616807425 0.13321613776774877 -0.3320817832662031 -0.19886564549845434 0.46529792103395184 0.1836886499523152 0.24606809216504552
4813.603019511122 0.07564159814465068 0.04130175829059182 0.11694335643524251 0.03433983985405886 0.20517473931082525 0.27601637863058126
4838.007312364285 0.06157349971051029 0.01812926179201846 0.07970276150252875 0.043444237918491835 0.21590705936814678 0.2913984806387898
4862.277856046081 0.08823628713821444 0.1199964503741088 0.20823273751232324 -0.03176016323589437 0.2123013947777135 0.284576825420936
4886.416771489442 0.15263205945191655 0.01483608079888804 0.1674681402508046 0.1377959786530285 0.20305465795244904 0.2694907233024492
4910.425943127935 0.13865100721911014 0.0017477220068476684 0.1403987292259578 0.13690328521226247 0.2142353454675166 0.28516875333940067
4934.306606732954 0.07850736854819401 0.11213704116172857 0.19064440970992258 -0.033629672613534556 0.22303771210814757 0.2995738870105906
4958.06091863346 0.11629022959579775 -0.176229730500502 -0.05993950090470426 0.29251996009629977 0.21287767337139393 0.28533356322667314
4981.690663202083 0.03896009598033376 0.19952887070887712 0.23848896668921088 -0.16056877472854336 0.2304356155425774 0.311280130710435
5005.1980004832785 0.055011235495947886 -0.08473453919805485 -0.029723303702106962 0.13974577469400273 0.23026099501834602 0.3118017104382829
5032.4696650000005 0.047124347129653354 0.2837769407135126 0.33090128784316597 -0.23665259358385926 0.21215414897042867 0.2858334442368446
5063.439319 0.020479295304695 0.31168043756100533 0.33215973286570033 -0.29120114225631033 0.2164547645817265 0.29275909483772006
5094.200968 0.031178368935432466 0.2301107785548585 0.261289147490291 -0.19893240961942604 0.22851776126682588 0.30903369155574356
5124.757946000001 0.0076089793545667805 0.5187575893897576 0.5263665687443243 -0.5111486100351907 0.23391349823568533 0.3159867432879373
5155.113864 0.10097543159437831 -0.13514875994568837 -0.03417332835131007 0.2361241915400667 0.2139862936138781 0.28748165636609685
5185.272508999999 0.14295473454566776 -0.17619513039226942 -0.033240395846601656 0.3191498649379372 0.21588489041956324 0.28803999884246645
5215.2372319999995 0.06946766255003062 0.2633687910053684 0.33283645355539904 -0.1939011284553378 0.22936959484679503 0.30783136487411317
5245.0113120000005 0.05746696348574731 -0.02939348253531071 0.028073480950436602 0.08686044602105802 0.22977171487085682 0.3105950649401879
5274.59796 -0.02376591011676593 0.766853129362207 0.7430872192454411 -0.7906190394789729 0.25970771920739016 0.35112530019397276
5307.662049778111 0.09424149765163026 0.21579772235723682 0.3100392200088671 -0.12155622470560656 0.21862042525062686 0.2923438010002767
5344.131579610811 0.14111302899750094 0.10413305251431765 0.2452460815118186 0.0369799764831833 0.2411681473170071 0.32037873622817176
5546.874619000001 0.1379562574561893 0.006299181575671081 0.1442554390318604 0.13165707588051823 0.19888510717733227 0.2648548993437307
